$ 1 0.000005 10.20027730826997 50 5 50 5e-11
v 80 240 80 176 0 0 40 7.4 0 0 0.5
404 80 160 144 160 0 0.0613 6.73 0 false
d 160 160 224 160 2 default
g 80 336 80 352 0 0
w 80 240 80 256 0
w 80 176 80 160 0
w 144 160 160 160 0
c 256 176 256 240 4 0.00001 0 0.001 0
r 336 176 336 224 0 1000
r 336 256 336 304 0 1000
w 80 336 80 256 0
w 256 240 256 304 0
w 336 304 80 304 0
w 336 256 336 224 0
w 224 160 336 160 0
w 256 176 256 160 0
w 336 176 336 160 0
w 336 160 416 160 0
w 336 240 416 240 0
O 416 160 448 160 0 0
O 416 240 448 240 1 0
