$ 1 0.000005 10.20027730826997 50 5 50 5e-11
v 96 320 160 320 0 0 40 3.3 0 0 0.5
s 192 320 240 320 0 0 false
w 192 320 160 320 0
g 48 368 48 384 0 0
w 48 368 48 320 0
w 48 320 96 320 0
x 89 286 210 289 4 24 MCU\sGPIO
r 512 192 512 256 0 16
t 448 320 464 320 0 1 0.6269492788747875 0.7338042710702946 100 default
w 448 320 336 320 3
v 64 80 176 80 0 0 40 3.3 0 0 0.5
g 48 112 48 128 0 0
w 48 112 48 80 0
w 48 80 64 80 0
w 272 80 464 80 0
w 464 80 464 128 3
w 464 288 464 304 0
g 464 368 464 384 0 0
w 464 336 464 368 0
r 272 320 336 320 0 470
w 240 320 272 320 0
w 176 80 272 80 0
x 94 52 184 55 4 24 3V3\sRail
x 544 230 618 233 4 24 Buzzer
r 464 192 464 256 0 1000
x 156 227 444 230 4 24 Charge/Discharge\sResistor
w 464 128 464 144 0
w 464 192 464 144 0
w 464 144 512 144 0
w 512 144 512 192 3
w 464 288 464 256 0
w 512 256 512 288 0
w 512 288 464 288 0
