$ 1 0.000005 10.20027730826997 50 5 50 5e-11
c 80 192 80 288 4 0.00009999999999999999 4.999999999999997 0.001 0.1
c 192 192 192 288 4 0.000009999999999999999 5 0.001 0.1
g 80 368 80 400 0 0
w 80 192 192 192 0
w 80 288 80 336 0
w 192 288 192 336 0
w 192 336 80 336 0
w 384 336 448 336 3
w 192 192 480 192 0
r 480 256 480 320 0 11.11
g 480 448 480 464 0 0
w 480 352 480 448 0
w 480 192 480 256 3
r 320 336 384 336 0 1000
w 240 352 240 320 0
w 80 336 80 368 0
w 240 384 240 352 0
x 519 298 561 301 4 12 Camera
x 159 396 219 399 4 12 MCU\sGPIO
x 59 129 107 132 4 12 5V_CAM
x 519 314 561 317 4 12 R\s\q\sV/R
x 519 329 607 332 4 12 R\s\q\s5V\s/\s450\smA
x 519 347 578 350 4 12 R\s\q\s11.11R
f 448 336 480 336 32 1.5 7.8
x 413 377 459 380 4 12 n-mosfet
x 411 395 457 398 4 12 vth\s\q\s1.5
x 127 143 187 146 4 12 Description
x 127 161 543 164 4 12 Microcontroller\sGPIO\spin\stoggling\sa\sMOSFET\sthat\sdelivers\spower\sto\sa\sCamera.
S 320 336 272 336 0 1 false 0 2
g 272 368 272 384 0 0
w 272 352 272 368 0
R 240 384 240 416 0 0 40 3.3 0 0 0.5
w 240 320 272 320 0
R 80 192 80 144 0 0 40 5 0 0 0.5
