$ 1 0.000005 10.20027730826997 50 5 50 5e-11
v 160 176 208 176 0 0 40 3.3 0 0 0.5
g 144 256 144 272 0 0
w 160 176 144 176 0
w 144 176 144 256 0
w 208 112 400 112 0
g 144 128 144 144 0 0
w 144 128 144 112 0
r 400 256 400 192 0 3
g 400 288 400 304 0 0
s 208 176 240 176 0 1 false
v 160 112 208 112 0 0 40 5 0 0 0.5
w 160 112 144 112 0
f 368 176 400 176 33 1.5 0.02
w 400 160 400 112 3
r 240 176 288 176 0 10000
w 288 176 368 176 3
w 400 256 400 288 3
f 208 336 240 336 32 1.5 0.02
t 272 288 288 288 0 1 2.031083531856e-312 -1.991268172307e-312 100 default
t 272 336 288 336 0 -1 -1.015541765925e-312 -1.991268172307e-312 100 default
